$ANSIBLE_VAULT;1.1;AES256
39363631376166336365363463326264633632396662643166306438393861366161633439326661
6537353032316238373639616462346334306232663637340a316530353935623264303364663938
35386233636430346231393832653532646630373831656237653534666332333363623062316633
3238633864343566640a376265393530396562663934353134366632346163316665636233383635
64616532323932613135346163663165613436666530383064313664646538656266366135653131
34626361646465623731346238653566396430353537343563383034633332353834353038393764
62373863393035366565393464313835646236323134313933626265636165666566343730363935
39633536363533613234396636663431613031613663623935646638393133366366336466633939
34303234616662316136303765396164393730303564353935303430653137313235613263356436
62663837646336636666383639373330303063623432306232353938303664383837323130313939
63323734626265323136373833373035643831643332663264346364656365333335316264626334
39663133336133623434306436663839643364633235623337636364613462343166613062323862
6536
