$ANSIBLE_VAULT;1.1;AES256
32623266326339633533376131376638323236383430343166633836633065653964626133393935
3666383134613866636434336534643832303262306232300a363061653536656364353339346635
66616664363265363865646462393565383631613333363463303130363835663435376436663339
3832623165626633300a353238306633393564663032396566386361366530636234383137333634
36383563616438373631656363663861393730376236303963623430373331373762353335663638
34613566303364653132353166663361613263303734303338363762393663323831383938323566
65386464643233343762393931633633623964303036636436623464616637613563316265646630
33336134316434343661313832653265623066393935313861613630666364666433393432656138
31356537343265666262313339306231306664633061616264616530333430383663366665613738
33303836666461393432623766386539336137376531303866303238393434326536373537663963
30323434636430373666326464363535663137356662313964653334366564663037666534393939
39646330336338363766656561313034356434343637613161363533613063326566366363333566
37356430396466623637386137666664356535636563323763363531303830366431663830653765
64353730646232653935303364363764316337396332343631316664373365396534613134336166
61316661393466393039326536306338653337643833373266373633636635343333346461316664
65386439663039663936633735326439343063646162303737666562323966613431623661336439
33666161653637623263643631636561656265313431353632613430663764613034386234363363
61613230313833623338393362626131633666373136383332303365663338343335616237333338
64376633623563366563336136356665373466663164343335336163653230363939343131616530
61623366643066313032383762646131313561636436643530333731333737353264303063363765
33363036393464656637643430373532363936323266656531623539666237643731
